2400 100 100 3 4 3 2
2400 100 100 3 4 2 3
2400 100 100 3 3 2 4
2400 100 100 3 3 4 2
2400 100 100 3 2 3 4
2400 100 100 3 2 4 3
2400 100 100 3 6 2 2
2400 100 100 3 2 6 2
2400 100 100 3 2 2 6
1200 200 100 3 4 3 2
1200 200 100 3 4 2 3
1200 200 100 3 3 2 4
1200 200 100 3 3 4 2
1200 200 100 3 2 3 4
1200 200 100 3 2 4 3
1200 200 100 3 6 2 2
1200 200 100 3 2 6 2
1200 200 100 3 2 2 6
800 300 100 3 4 3 2
800 300 100 3 4 2 3
800 300 100 3 3 2 4
800 300 100 3 3 4 2
800 300 100 3 2 3 4
800 300 100 3 2 4 3
800 300 100 3 6 2 2
800 300 100 3 2 6 2
800 300 100 3 2 2 6
2400 100 100 1 24 0 0
1200 200 100 1 24 0 0
800 300 100 1 24 0 0
2400 100 100 2 3 8 0
2400 100 100 2 8 3 0
2400 100 100 2 6 4 0
2400 100 100 2 4 6 0
2400 100 100 2 12 2 0
2400 100 100 2 2 12 0
1200 200 100 2 3 8 0
1200 200 100 2 8 3 0
1200 200 100 2 6 4 0
1200 200 100 2 4 6 0
1200 200 100 2 12 2 0
1200 200 100 2 2 12 0
800 300 100 2 3 8 0
800 300 100 2 8 3 0
800 300 100 2 6 4 0
800 300 100 2 4 6 0
800 300 100 2 12 2 0
800 300 100 2 2 12 0
